Table 3  Qx-coder probability-estimation table for Q-coder.  
--------------------------------------------------------------------------------
 
Index        Qe            NMPS NLPS SWITCH               Qe (binary) 

--------------------------------------------------------------------------------
 
0           5608            1     0     1              0101 0110 0000 1000  
1           5408            2     0     0              0101 0100 0000 1000  
2           5008            3     1     0              0101 0000 0000 1000  
3           4808            4     2     0              0100 1000 0000 1000  		
4           3808            5     3     0              0011 1000 0000 1000  
5           3408            6     4     0              0011 0100 0000 1000  
6           3008            7     5     0              0011 0000 0000 1000  
7           2808            8     5     0              0010 1000 0000 1000  
8           2408            9     6     0              0010 0100 0000 1000  
9           2208            10    7     0              0010 0010 0000 1000  
10          1c08            11    8     0              0001 1100 0000 1000  
11          1808            12    9     0              0001 1000 0000 1000  
12          1608            13    10    0              0001 0110 0000 1000  
13          1408            14    11    0              0001 0100 0000 1000  
14          1208            15    12    0              0001 0010 0000 1000  
15          0c08            16    13    0              0000 1100 0000 1000  
16          0908            17    14    0              0000 1001 0000 1000  
17          0708            18    15    0              0000 0111 0000 1000  
18          0508            19    16    0              0000 0101 0000 1000  
19          0388            20    17    0              0000 0011 1000 1000  
20          02c8            21    18    0              0000 0010 1100 1000  
21          0298            22    19    0              0000 0010 1001 1000  
22          0138            23    20    0              0000 0001 0011 1000  
23          00b8            24    21    0              0000 0000 1011 1000  
24          0098            25    21    0              0000 0000 1001 1000  
25          0058            26    23    0              0000 0000 0101 1000  
26          0038            27    23    0              0000 0000 0011 1000  
27          0028            28    25    0              0000 0000 0010 1000  
28          0018            29    25    0              0000 0000 0001 1000  
29          0008            29    27    0              0000 0000 0000 1000  

--------------------------------------------------------------------------------
 


Table 4  QM-coder probability-estimation tables
